59354
4	4	4	8
6.0000000e+00	1.2000000e-01	12
1.7000000e-01
1.2000000e-01
20
-1
8.1766144E+01	-1.0228426E+01	7.6420040E+01	1.1531806E+01	7.5615793E+01	6.9272385E+01	
1.2867218E+01	-1.6488165E+00	1.1775187E+01	1.8309218E+00	1.2614405E+01	1.1449600E+01	
2.5106836E+00	-2.8724313E-01	2.3263547E+00	3.3700501E-01	2.4879337E+00	2.2918052E+00	
9.8953696E-01	1.8499743E-02	9.1972486E-01	1.3324677E-01	9.8720796E-01	9.1567597E-01	
3.3331218E+00	3.6838826E-01	3.1310709E+00	4.2649813E-01	3.3165227E+00	3.1093607E+00	
1.6022060E+01	1.9410439E+00	1.4883694E+01	2.1650337E+00	1.5738136E+01	1.4522286E+01	
8.9277393E+01	1.1232322E+01	8.2217839E+01	1.2149918E+01	8.4052441E+01	7.6409983E+01	
9.3339944E+02	1.6044235E-01	9.1225458E+02	1.3181163E+02	7.8150985E+02	7.4881552E+02	
