59354
4	4	4	8
6.0000000e+00	1.2000000e-01	12
1.7000000e-01
1.0000000e-01
20
19
1.3365684E+01	-3.3257439E+00	1.2887243E+01	3.6251354E+00	9.7262702E+00	9.0573989E+00	
1.3367269E+00	-3.7633322E-01	1.2663987E+00	4.0697069E-01	1.2059028E+00	1.1252312E+00	
1.6705377E-01	-4.5108091E-02	1.5929369E-01	5.0037547E-02	1.6195601E-01	1.5342468E-01	
4.5880591E-02	1.8946605E-03	4.3815579E-02	1.3686411E-02	4.5340455E-02	4.3166962E-02	
2.2439336E-01	5.5841836E-02	2.1559991E-01	6.1621841E-02	2.1397431E-01	2.0471031E-01	
1.5941729E+00	4.2378545E-01	1.5228019E+00	4.6025405E-01	1.4471307E+00	1.3637163E+00	
1.4007622E+01	3.5285014E+00	1.3379731E+01	3.7471074E+00	1.0366499E+01	9.5811790E+00	
2.6871395E+02	2.9402165E-02	2.6621471E+02	5.8277790E+01	1.1169213E+02	1.0589617E+02	
