0   -1.554946e+00   2.126728e+01
1   -1.107257e+01   3.066473e+01
2   8.174622e+00   1.684987e+01
3   -5.139619e+00   1.306103e+01
4   -9.692054e-01   9.464461e+00
5   -3.356257e+00   7.162795e+00
6   -3.910148e+00   6.982646e+00
7   -1.759556e+00   8.869324e+00
8   -4.655437e-01   1.051882e+01
9   1.034375e+00   1.124006e+01
10   -8.697291e-01   1.262718e+01
11   -3.045189e+00   1.573623e+01
12   3.286632e-01   1.787606e+01
13   -1.336997e+00   1.796139e+01
14   -9.412836e+00   1.381615e+01
15   -1.786236e+01   1.756361e+01
16   -1.909972e+01   1.697666e+01
17   -1.823936e+01   2.251325e+01
18   -3.137454e+01   3.788173e+01
19   -1.923616e+02   2.190703e+02
20   1.292448e+02   1.747353e+02
21   7.428628e+01   9.624233e+01
22   -1.836686e+02   4.151273e+02
23   -7.957382e+01   1.305406e+02
24   -4.467582e+01   6.441075e+01
25   -2.123504e+01   4.396410e+01
26   3.361331e+00   5.386908e+01
27   2.401959e+01   5.790571e+01
28   1.636269e+01   1.167989e+02
29   1.019163e+01   1.849224e+02
30   -9.303054e+00   5.377831e+01
31   -1.531965e+00   2.774908e+01
